863104
1040303
1010239
1017454
1021199
1003760
1007437
1021887
1002234
999201
988994
975006
1043674
974945
1030551
1025394
1001887
982769
985468
1003449
1021883
1007641
1028529
1045167
1041091
1042777
1035547
1037916
1046122
1031283
1028548
1030767
1037981
1029258
1042273
1028718
1032480
1040610
1034443
1018448
1016402
1034247
1041043
1042862
1031184
1031898
1021965
1019561
982243
1021446
1041266
1031407
1025328
1030332
1024565
1013336
1021476
990817
1005388
1012960
1025506
1034150
1040632
1033982
1015307
1026056
1013820
1013621
996709
993737
1018160
1024379
1028979
1025312
1037552
1038184
1028822
1016608
1040878
1039772
1001653
1024583
1015238
1055076
1038478
1047843
1028083
1042744
1026667
1039411
1038782
1005528
1025296
1028282
1022769
1044943
1043281
1029617
1047026
1045373
1035595
1036666
1038277
1044674
1051367
1026947
1042772
1029306
1035322
1021535
1022645
1031679
1028712
1027727
1035683
1025557
1008730
1031166
1021654
1011035
1014273
1001674
1032959
1009302
1015093
1031117
1029922
1027749
1039492
1017265
1014171
1024813
1013507
1026105
1034136
1036710
1043000
1032185
1028088
1026984
1029219
1030740
1027485
1045632
1024763
1037753
1019150
1007585
1034698
1019205
1021435
1027220
1011827
1038474
1026864
1023033
1038043
1005006
1020754
1012703
1021723
1020872
1037792
1028118
1032760
1019699
1026934
1023110
1043176
1029141
1031546
1034222
1047291
1022132
1022582
1019874
1049402
1023701
1027641
1030604
1039898
1031253
1017931
1030385
1030286
1036255
1040089
1033087
1028447
1018778
1012305
1045610
1035160
1022325
1016233
1033177
1046553
1045067
1037307
1019053
1032549
1023633
1022634
1029718
1052495
1055683
1029970
1038052
1017448
1023307
1027739
1032741
1034611
1019305
1047988
1040357
1051954
1043835
1032416
1044458
1020021
1003086
1003173
1003962
1001075
1005449
1030418
1007348
995635
995565
1027643
1030505
998329
1032462
1024622
1013467
990397
969974
998176
1030118
1030898
1027459
1003823
984865
981874
1035158
994110
1002078
1016614
1012901
1013843
1039079
1023580
1001177
1017775
1040391
1036470
1040989
1034344
1034350
1028495
1030417
1026985
1014958
1017940
1014750
1022254
1025155
1044596
1026861
1010665
1022743
1022892
1011747
1031224
1007938
1052967
1043161
1031519
1038939
1044499
1027689
1013803
1007952
1009389
997616
1017494
1024700
1017930
1039901
1024850
1021828
1027966
1028394
1021919
1032167
1016336
1027945
1040831
1018307
1042866
1027699
1047721
1032699
1020339
1012936
1005902
1021996
1036885
1023001
1020806
1024929
1030250
1036564
1024131
1050757
1035937
1025439
1015699
1016187
1033151
1013431
1018228
1026041
1039719
1025840
1026835
1030848
1027865
1024834
1025477
1022689
1040206
1046409
1033714
1027493
1024018
1023503
1037798
1044093
1035977
1029576
1027404
1015434
1028558
1031904
1047605
1021641
1026427
1021943
1021471
1002372
1029232
1035751
1027704
1024610
1024496
1028714
1038695
1008151
1034314
1031013
1020599
1017271
1041556
1027934
1026554
1016557
1025253
1032436
1024014
1020921
1029320
1018975
1028402
1024899
1029668
1029552
1031725
1037207
1019222
1028096
1031448
1032038
1031050
1047210
1036502
1035249
1028682
1045000
1033063
1025534
1026589
1032190
1015729
1032337
1028902
1042716
1034992
1025563
1032220
1014642
1016498
1035074
1035599
1021637
1024505
1026820
1037392
1043676
1017517
1028735
1022482
1021096
1040844
1029538
1039272
1004376
1036863
1033201
1029393
1027015
1020709
1036147
1031496
1041131
1051367
1038235
1035655
1038103
1035349
1043289
1035957
1025204
1019487
1030427
1053586
1027356
1030571
1041339
1025591
1036207
1029652
1045722
1039258
1037497
1034392
1009690
995893
1007006
1034459
1058511
1034652
1035575
1032029
1045745
1046919
1035900
1035354
1050983
1025354
1044472
1043487
1032142
1029839
1033256
1018665
1039382
1040552
1034873
1040790
1036584
1019385
1022630
1031103
1046141
1028890
1036976
1012991
1014900
1033988
1050577
1033868
1017077
1023367
1040228
1034685
1026377
1011372
1031772
1050894
1029678
1030240
1039244
1040804
1052766
1020433
1034474
1030478
1026390
1022583
1027624
1024982
1022885
1020455
1043830
1036647
1034012
1022427
1035462
1045510
1025147
1038343
1029348
1030749
1045999
1024077
1048369
1041789
1046422
1033848
1052353
1042379
1030034
1027694
1032701
1038105
1019063
1010999
1027972
1047095
1054406
1039497
1025938
1031021
1024198
1026052
1027746
1041143
1040016
1068159
1053202
1015153
1002937
1012560
1003505
1035618
1030376
1031335
1027284
1040237
1008194
1028440
1059337
1067015
1029259
1048994
1036986
1032426
1019357
989666
989765
994416
982661
982366
989118
985182
994543
984971
1026534
994219
988226
964750
975815
997615
977322
986042
964523
989571
986944
977281
974639
959659
992250
987413
994649
967526
1003369
979907
970686
971091
985086
981997
1009706
1005771
981592
999159
1011840
1013676
1016344
1009654
1019100
1012862
1026087
1022950
1016431
1045042
1050215
1071526
1061242
1307315
1307315
1307315
858158
0
